2 2 2 2 2 2 2 2 2 2 2 2 2 2 2 2 2 2 2 2
2 1 1 1 1 1 1 1 1 1 1 7 7 7 7 7 1 1 1 2
2 1 1 1 1 1 1 1 1 1 1 7 7 7 7 7 1 1 1 2
2 1 1 1 1 9 12 11 1 1 1 4 6 3 6 4 1 1 1 2
2 1 1 1 1 10 14 0 0 0 0 4 4 5 4 4 0 1 1 2
2 1 1 1 0 0 0 0 0 0 0 0 0 13 0 0 0 1 1 2
2 1 1 0 0 0 0 0 0 0 0 0 0 0 0 0 0 0 1 2
2 1 0 0 0 0 0 0 0 0 0 0 0 0 0 0 0 0 1 2
2 1 0 0 0 0 0 0 0 0 0 0 0 0 0 0 0 0 1 2
2 1 0 0 0 0 0 0 0 0 0 0 0 0 0 0 0 0 1 2
2 1 1 0 0 0 0 0 0 0 0 0 0 0 0 0 0 0 1 2
2 1 1 0 0 0 0 0 0 0 0 0 0 0 0 0 0 1 1 2
2 1 1 0 0 0 0 0 0 0 0 0 0 0 0 0 0 1 1 2
2 1 1 1 0 0 0 0 0 0 0 0 0 0 0 1 1 1 1 2
2 1 1 1 1 1 1 1 1 1 1 1 1 1 1 1 1 1 1 2
2 2 2 2 2 2 2 2 2 2 2 2 2 2 2 2 2 2 2 2
